1,0,0,0,0,1,0,0,0,0,1,0,1.86,0,20,1|
1,0,0,0,0,1,0,0,0,0,1,0,4.22,0,20,1|
1,0,0,0,0,1,0,0,0,0,1,0,3.32,0,20,1|
0.777574,0,-0.628793,0,0,1,0,0,0.628793,0,0.777574,0,3.32,0,20,1|
0.996803,0,0.0799149,0,0,1,0,0,-0.0799149,0,0.996803,0,3.32,0,20,1|
0.417595,0,0.908636,0,0,1,0,0,-0.908636,0,0.417595,0,3.32,0,20,1|
0.987232,0,-0.159319,0,0,1,0,0,0.159319,0,0.987232,0,3.32,0,20,1|
